Lx   Lz   Fx1   Fz1   Fx2   Fz2   Fx3  Fz3  Fx4   Fz4
error_rms

saturation[45,10;-45,-10], fault_1 [0.1,0;0,0.1] fault_2[cos,0;0,cos], switch line → all

---FRFTC---
fault_1_only
0.0000    0.0000    0.2065    0.0073    0.1033    0.0049    0.1033    0.0025    0.1033 0.0039
0.0535
------
fault_2_only
0.0000    0.0000    2.0860    0.0663    1.0459    0.0341    1.0459    0.0320    1.0459 0.0334
0.5389
------
saturation_only
0.0000    0.0000  192.9735    0.0066   96.6276    0.0047   96.6276    0.0031   96.6276 0.0039
48.2875
------
saturation_fault_1
0.0000    0.0000  316.0748    0.0101  158.2462    0.0065  158.2462    0.0046  158.2462 0.0053
79.0840
------
saturation_fault_2  *1.0*10^3
0.0000    0.0000    2.2024    0.0001    1.1018    0.0000    1.1018    0.0000    1.1018  0.0000
550.8038
------

---FLQR---
fault_1 only
0.0000    0.0000    0.0560    0.3350    0.0282    0.1676    0.0281    0.1676    0.0280  0.1676
0.0978
------
fault_2 only
0.0000    0.0000    0.5630    2.9702    0.2819    1.4901    0.2819    1.4901    0.2819  1.4901
0.8849
------
saturation_only
0.0000    0.0000  238.6998    0.0022  119.4116    0.0015  119.4116    0.0017  119.4116 0.0008 
59.6941
------
saturation_fault_1
0.0000    0.0000  394.5597    0.0043  197.5159    0.0016  197.5159    0.0040  197.5159  0.0018
98.7119
------
saturation_fault_2 *1.0*10^3
0.0000    0.0000    2.7378    0.0001    1.3692    0.0000    1.3692    0.0000    1.3692   0.0000 
684.5526
------

saturation[45,10;-45,-10], fault_1 [0.1,0;0,0.1] fault_2[cos,0;0,cos], switch all → line

---FRFTC---
fault_2_only
0.0000    0.0000    4.4891    0.1406    4.5741    0.1391    4.6327    0.1421    4.6626  0.1399
1.8920

---FLQR---
fault_2_only
0.0000    0.0000    1.1600    6.3023    1.1696    6.4011    1.1761    6.4706    1.1794   6.5064
3.0365

